20.587422915980834 51053.93217481589
25.08549699268278 57912.687943826924
32.70311053574116 65692.87187116018
42.193028863945855 74518.27169318372
53.03521944004833 74518.27169318372
63.61981899796291 79366.09938282378
80.38242331966559 76420.81743948914
101.56165296460227 73584.83513155524
122.44963813999848 65692.87187116018
147.63221380359616 57912.687943826924
175.2397763189976 51053.93217481589
204.79356168198186 45578.40510049403
248.19743066726352 40180.43170253052
320.1292402545144 31226.660921736726
400.2334562498245 24575.985884253747
465.284993601294 20600.06606369542
609.53490474118 15031.672298956417
849.8488130294169 10169.492259085757
1101.8094540239456 7420.581789043469
1443.425147991119 5552.972816139152
1981.500224785795 4103.35117095534
2569.261915942911 3483.1389753679277
2955.9932845958283 2956.6704423454266
