20.109582327590743 0.6008878444850279
24.083181524895107 0.5431474351960147
28.841953199857283 0.4992920623643246
33.97944742302233 0.46677136414546955
39.38118606369065 0.42191845214614604
45.64164321083823 0.39443737706108045
53.478579269774436 0.3687462438095365
63.34969965109741 0.3277474378520378
74.22721217239446 0.301284114727912
87.9281323712567 0.2677860407402444
103.02590499070494 0.23801242783774415
123.38354577625918 0.20454369923574334
147.76380144096478 0.17578126183210807
176.96152982893204 0.1536284552215751
214.25737628007693 0.12552212776533753
259.4135761303591 0.10607038615045704
319.2778449392734 0.08666480791786647
378.210413558691 0.07447821345345909
452.9437705845613 0.06085242353934882
536.5485062836177 0.05229550377379402
618.4554417024873 0.04570497091706811
732.6104585127395 0.03862222542332939
896.7598220478326 0.03209212960738214
1097.6886407980185 0.027118920308691168
1388.4189315021454 0.022157513560466274
1756.1511139917766 0.018411207256076156
2320.532625401743 0.013828269167339691
2871.6851095681377 0.011298387181546875
