71.82230077279957 130.99097638483804
78.08754258535971 126.32166243935042
84.19277352368196 119.62790917450205
93.86311133284158 113.28885621920823
89.76808134718807 116.41524385695656
100.6391195192352 107.28570809287369
107.60392722218288 101.60066528271405
117.64614643025195 93.63292088239403
129.34429430664252 87.07660293334092
140.23741568282125 80.9793682281297
150.7817421769185 75.30907106754098
164.85265868148207 70.67422971051226
177.74254806279924 65.72551384840081
192.71167492021735 61.123314514084896
209.52528111208525 56.32989169944651
227.17233482440093 51.44344560218817
250.46115038533094 46.135943746347415
270.0447988906432 42.905435574327356
290.35161917762946 38.82956824721807
315.68666442611885 34.82346011971659
345.1512086519729 31.230668520152133
375.2699315462304 27.50482379085143
403.48725185449234 25.347835889920518
436.25640523496503 22.527311253119052
476.97691908234486 19.8397842844411
515.7131078705999 17.792882280181253
562.2760049396607 16.102620275609375
602.8768244872791 14.44128740810291
650.0249085373409 12.834364943456453
716.6668455671658 11.303214531237675
774.8708301469788 10.045474217671678
828.5054633854681 9.174060003918914
883.3842648929185 8.454610332787077
952.4668650206604 7.582334778410733
993.1523353436787 7.180548756931421
