82.12577938925355 103.17762941283618
99.19368570273745 94.35349111722262
117.93829378825575 85.34556509679176
143.95116061786518 73.85338879367171
183.23090573493354 59.14412984332467
236.92778608108802 48.41649587733558
292.23493583606745 39.64604458411286
358.56704073695755 32.109178737361866
442.26900472885336 24.338756928859215
557.0757514847993 18.043884198559986
694.3624050096314 13.231173307259782
888.4800074420604 9.808179264931303
1154.8958774856462 7.111393996846448
1470.0306461785724 5.570752573141519
1900.8316586847347 4.411867310819407
2590.239720014872 3.691029958160728
2891.8511209515673 3.3769762281105344
